0.000000000000000000e+00,-0.000000000000000000e+00
1.666666666666666644e-02,-0.000000000000000000e+00
3.333333333333333287e-02,-0.000000000000000000e+00
5.000000000000000278e-02,-0.000000000000000000e+00
6.666666666666666574e-02,-0.000000000000000000e+00
8.333333333333332871e-02,-0.000000000000000000e+00
1.000000000000000056e-01,-0.000000000000000000e+00
1.166666666666666685e-01,-0.000000000000000000e+00
1.333333333333333315e-01,-0.000000000000000000e+00
1.499999999999999944e-01,-0.000000000000000000e+00
1.666666666666666574e-01,-0.000000000000000000e+00
1.833333333333333204e-01,-0.000000000000000000e+00
2.000000000000000111e-01,-6.919460833178869633e-25
2.166666666666666741e-01,-2.203235984868037027e-23
2.333333333333333370e-01,-1.436811108948911049e-22
2.500000000000000000e-01,-4.935986348402301154e-22
2.666666666666666630e-01,-1.213638341895554195e-21
2.833333333333333259e-01,-2.195743413792851723e-21
2.999999999999999889e-01,-3.778845552582332683e-21
3.166666666666666519e-01,-6.449864922544926271e-21
3.333333333333333148e-01,-1.081946608907221318e-20
3.499999999999999778e-01,-1.721870159425039781e-20
3.666666666666666408e-01,-2.397569535457800838e-20
3.833333333333333037e-01,-3.214661955600208379e-20
4.000000000000000222e-01,-4.349966000727700472e-20
4.166666666666666852e-01,-5.397169402166512200e-20
4.333333333333333481e-01,-6.621110118875310004e-20
4.500000000000000111e-01,-7.953897743878074889e-20
4.666666666666666741e-01,-9.502076185896093150e-20
4.833333333333333370e-01,-1.097690634993593854e-19
5.000000000000000000e-01,-1.240722179742060599e-19
5.166666666666666075e-01,-1.410091598913821494e-19
5.333333333333333259e-01,-1.580785616344039006e-19
5.500000000000000444e-01,-1.754309304103204342e-19
5.666666666666666519e-01,-1.907490049295973655e-19
5.833333333333333703e-01,-2.043086706525891259e-19
5.999999999999999778e-01,-2.197183407496823559e-19
6.166666666666666963e-01,-2.331950106395917599e-19
6.333333333333333037e-01,-2.425293083332449316e-19
6.500000000000000222e-01,-2.491544202118737627e-19
6.666666666666666297e-01,-2.532279152320018342e-19
6.833333333333333481e-01,-2.543398200899122277e-19
6.999999999999999556e-01,-2.528061558610743791e-19
7.166666666666666741e-01,-2.496201764851688075e-19
7.333333333333332815e-01,-2.458442403022112527e-19
7.500000000000000000e-01,-2.423948119610940218e-19
7.666666666666666075e-01,-2.404062683634415930e-19
7.833333333333333259e-01,-2.410019382480623674e-19
8.000000000000000444e-01,-2.449124245451819983e-19
8.166666666666666519e-01,-2.524832152134763403e-19
8.333333333333333703e-01,-2.669007625967862368e-19
8.499999999999999778e-01,-2.891389765401328941e-19
8.666666666666666963e-01,-3.173931476809659282e-19
8.833333333333333037e-01,-3.521216864995081804e-19
9.000000000000000222e-01,-3.878953343162692891e-19
9.166666666666666297e-01,-4.259609954145593732e-19
9.333333333333333481e-01,-4.688825297235073204e-19
9.499999999999999556e-01,-5.144612261370977111e-19
9.666666666666666741e-01,-5.584079790651746254e-19
9.833333333333332815e-01,-6.138674364189877247e-19
1.000000000000000000e+00,-6.716914574015276479e-19
1.016666666666666607e+00,-7.270582084255527523e-19
1.033333333333333215e+00,-7.769280964918459191e-19
1.050000000000000044e+00,-8.288651797680728835e-19
1.066666666666666652e+00,-8.853603363970261330e-19
1.083333333333333259e+00,-9.309950813621618066e-19
1.100000000000000089e+00,-9.687371640413651018e-19
1.116666666666666696e+00,-9.984432699193929550e-19
1.133333333333333304e+00,-1.015880758285444299e-18
1.149999999999999911e+00,-1.020001918546896918e-18
1.166666666666666741e+00,-1.010366908357559833e-18
1.183333333333333348e+00,-9.874074830861050120e-19
1.199999999999999956e+00,-9.516285319786911862e-19
1.216666666666666563e+00,-9.090993655558120907e-19
1.233333333333333393e+00,-8.576445150011213049e-19
1.250000000000000000e+00,-8.068911379514284170e-19
1.266666666666666607e+00,-7.617499788953176346e-19
1.283333333333333215e+00,-7.277446990149125307e-19
1.300000000000000044e+00,-7.111902233537897650e-19
1.316666666666666652e+00,-7.163253533862501684e-19
1.333333333333333259e+00,-7.464994232823842877e-19
1.350000000000000089e+00,-8.031417177004588785e-19
1.366666666666666696e+00,-8.893214573688196689e-19
1.383333333333333304e+00,-1.002835839802592174e-18
1.399999999999999911e+00,-1.139832817834173979e-18
1.416666666666666741e+00,-1.306180697125403548e-18
1.433333333333333348e+00,-1.491502637625619976e-18
1.449999999999999956e+00,-1.690532764389364652e-18
1.466666666666666563e+00,-1.922255226073205924e-18
1.483333333333333393e+00,-2.149087068941399278e-18
1.500000000000000000e+00,-2.376066289493255338e-18
1.516666666666666607e+00,-2.592035523699116625e-18
1.533333333333333215e+00,-2.786311776579653235e-18
1.550000000000000044e+00,-2.952078891773873736e-18
1.566666666666666652e+00,-3.087386116912549726e-18
1.583333333333333259e+00,-3.182870007316890814e-18
1.600000000000000089e+00,-3.232464985631781922e-18
1.616666666666666696e+00,-3.239957152198795064e-18
1.633333333333333304e+00,-3.211521796715144482e-18
1.649999999999999911e+00,-3.148753185360108276e-18
1.666666666666666741e+00,-3.053616713264328812e-18
1.683333333333333348e+00,-2.938366070935673116e-18
1.699999999999999956e+00,-2.816588586386004089e-18
1.716666666666666563e+00,-2.706843049180140992e-18
1.733333333333333393e+00,-2.620880134411378236e-18
1.750000000000000000e+00,-2.571323789401948134e-18
1.766666666666666607e+00,-2.562015689514236018e-18
1.783333333333333215e+00,-2.601404394471336110e-18
1.800000000000000044e+00,-2.689679808974579420e-18
1.816666666666666652e+00,-2.828690869009003793e-18
1.833333333333333259e+00,-3.034517766951535123e-18
1.849999999999999867e+00,-3.282628719267726327e-18
1.866666666666666696e+00,-3.559628507794885469e-18
1.883333333333333304e+00,-3.868129789610338438e-18
1.899999999999999911e+00,-4.208048545118378395e-18
1.916666666666666741e+00,-4.541977708850052971e-18
1.933333333333333348e+00,-1.495774917397893479e-17
1.949999999999999956e+00,-2.537019493994497624e-17
1.966666666666666563e+00,-3.071014093248996592e-17
1.983333333333333393e+00,-2.092161462102081962e-17
2.000000000000000000e+00,-1.107180957114333819e-17
2.016666666666666607e+00,-1.159368405566294327e-18
2.033333333333333215e+00,8.840072359190747384e-18
2.049999999999999822e+00,1.893085326254355402e-17
2.066666666666666430e+00,2.409471022627238145e-17
2.083333333333333481e+00,-8.306628227187365050e-19
2.100000000000000089e+00,-2.570269033879437621e-17
2.116666666666666696e+00,-4.048921519855411954e-17
2.133333333333333304e+00,-3.518124191589771461e-17
2.149999999999999911e+00,-2.489416488706929954e-17
2.166666666666666519e+00,-1.468856468911298403e-17
2.183333333333333126e+00,-4.571686721240004192e-18
2.200000000000000178e+00,5.444946997482324596e-18
2.216666666666666785e+00,1.534856532224957374e-17
2.233333333333333393e+00,2.514192593182074248e-17
2.250000000000000000e+00,1.975402514032614612e-17
2.266666666666666607e+00,4.214782623809078407e-18
2.283333333333333215e+00,-6.372409009105773975e-18
2.299999999999999822e+00,-1.701151705765208594e-17
2.316666666666666430e+00,-7.575969986041478744e-18
2.333333333333333481e+00,1.832266668014101663e-18
2.350000000000000089e+00,1.129437144739063648e-17
2.366666666666666696e+00,2.077696440713615019e-17
2.383333333333333304e+00,2.025863624576235691e-17
2.399999999999999911e+00,-1.033874055495377763e-17
2.416666666666666519e+00,-5.086932991191395955e-17
2.433333333333333126e+00,-7.114643731732012300e-17
2.450000000000000178e+00,-7.617471258696399194e-17
2.466666666666666785e+00,-5.588880524877603807e-17
2.483333333333333393e+00,-3.543981688155816895e-17
2.500000000000000000e+00,5.243094003150241389e-18
2.516666666666666607e+00,3.089135720904301206e-17
2.533333333333333215e+00,5.147896245365570594e-17
2.549999999999999822e+00,6.192569988663148057e-17
2.566666666666666430e+00,6.218161053122878220e-17
2.583333333333333481e+00,4.219192287090695960e-17
2.600000000000000089e+00,6.964318473780309821e-18
2.616666666666666696e+00,-2.842666129703179851e-17
2.633333333333333304e+00,-6.399174117818186905e-17
2.649999999999999911e+00,-7.959666433919907450e-17
2.666666666666666519e+00,-6.517387815937323230e-17
2.683333333333333126e+00,-4.078448688486720140e-17
2.700000000000000178e+00,-1.144212184745091343e-17
2.716666666666666785e+00,1.286311041220523473e-17
2.733333333333333393e+00,2.202196271831730733e-17
2.750000000000000000e+00,6.049769506248686084e-18
2.766666666666666607e+00,-1.994073129440973307e-17
2.783333333333333215e+00,-3.575479880866331502e-17
2.799999999999999822e+00,-5.140443964758399210e-17
2.816666666666666430e+00,-6.687646083677116233e-17
2.833333333333333481e+00,-7.205074013523710926e-17
2.850000000000000089e+00,-5.184760994214490995e-17
2.866666666666666696e+00,-2.134604775603549744e-17
2.883333333333333304e+00,9.372674224947326167e-18
2.899999999999999911e+00,2.010379970649397036e-17
2.916666666666666519e+00,1.578313214215062756e-17
2.933333333333333126e+00,1.354252478728585891e-18
2.950000000000000178e+00,-1.323229269381167503e-17
2.966666666666666785e+00,-2.799245449801179106e-17
2.983333333333333393e+00,-3.794002172101496978e-17
3.000000000000000000e+00,-3.301828080589527171e-17
3.016666666666666607e+00,-1.826346393143135093e-17
3.033333333333333215e+00,-3.725876485999212935e-18
3.049999999999999822e+00,1.056297376560121590e-17
3.066666666666666430e+00,2.464450103983014446e-17
3.083333333333333481e+00,2.358733387590118141e-17
3.100000000000000089e+00,1.741035951116458348e-17
3.116666666666666696e+00,-3.894150474659706896e-18
3.133333333333333304e+00,-2.518193743389497784e-17
3.149999999999999911e+00,-4.136551885301859096e-17
3.166666666666666519e+00,-5.741670760564371538e-17
3.183333333333333126e+00,-7.326014176311613424e-17
3.200000000000000178e+00,-8.883048454075423794e-17
3.216666666666666785e+00,-8.403344176268861892e-17
3.233333333333333393e+00,-4.374931679889080653e-17
3.250000000000000000e+00,-3.154883731588487119e-18
3.266666666666666607e+00,3.271222284520593861e-17
3.283333333333333215e+00,5.372249811298505147e-17
3.299999999999999822e+00,5.969834808767244834e-17
3.316666666666666430e+00,4.557126934002937667e-17
3.333333333333333481e+00,2.115171873146090070e-17
3.350000000000000089e+00,-8.513982102552899748e-18
3.366666666666666696e+00,-4.349369269475375198e-17
3.383333333333333304e+00,-5.867499573389184505e-17
3.399999999999999911e+00,-7.417152578107181767e-17
3.416666666666666519e+00,-8.999280148710508481e-17
3.433333333333333126e+00,-9.609619332326208780e-17
3.449999999999999734e+00,-1.024612677205794976e-16
3.466666666666666785e+00,-9.398224911645186381e-17
3.483333333333333393e+00,-5.544741997393098433e-17
3.500000000000000000e+00,-1.686634987244294923e-17
3.516666666666666607e+00,1.174272298130363395e-17
3.533333333333333215e+00,2.035576390452769275e-17
3.549999999999999822e+00,-6.093404615931673847e-18
3.566666666666666430e+00,-3.729803128010831895e-17
3.583333333333333481e+00,-6.310978996770048942e-17
3.600000000000000089e+00,-8.855112784997330719e-17
3.616666666666666696e+00,-1.035421060008680800e-16
3.633333333333333304e+00,-1.030289769591025877e-16
3.649999999999999911e+00,-8.706638486890262079e-17
3.666666666666666519e+00,-5.070026156163340446e-17
3.683333333333333126e+00,-1.423135212985267255e-17
3.699999999999999734e+00,1.717877260897137361e-17
3.716666666666666785e+00,4.330822045004882099e-17
3.733333333333333393e+00,5.900302693811383444e-17
3.750000000000000000e+00,3.912934299075132007e-17
3.766666666666666607e+00,3.755840043567544608e-18
3.783333333333333215e+00,-3.201879012764713277e-17
3.799999999999999822e+00,-6.316504873374281228e-17
3.816666666666666430e+00,-8.451339904063967431e-17
3.833333333333333481e+00,-1.061187227597850799e-16
3.850000000000000089e+00,-1.229328967140557391e-16
3.866666666666666696e+00,-1.397967585614164804e-16
3.883333333333333304e+00,-1.566170716192179686e-16
3.899999999999999911e+00,-1.682780265744450357e-16
3.916666666666666519e+00,-1.748364888622830230e-16
3.933333333333333126e+00,-1.812680973099814852e-16
3.949999999999999734e+00,-1.621785409885570706e-16
3.966666666666666785e+00,-1.376573031840550098e-16
3.983333333333333393e+00,-9.762924543280802651e-17
4.000000000000000000e+00,-4.201918762926995988e-17
4.016666666666666607e+00,1.409363989258394979e-17
4.033333333333333215e+00,5.051185338848195132e-17
4.049999999999999822e+00,6.203131260352675702e-17
4.066666666666666430e+00,5.345902632476822451e-17
4.083333333333333037e+00,3.976191211679127127e-17
4.099999999999999645e+00,1.059097639533268250e-17
4.116666666666666252e+00,-4.417280669692203846e-17
4.133333333333332860e+00,-9.936675068445828919e-17
4.150000000000000355e+00,-1.349296202242172940e-16
4.166666666666666963e+00,-1.508541256162936110e-16
4.183333333333333570e+00,-1.471311652580477162e-16
4.200000000000000178e+00,-1.137204663787740159e-16
4.216666666666666785e+00,-6.553545926110071762e-17
4.233333333333333393e+00,-1.767164980652249322e-17
4.250000000000000000e+00,2.506697942499532465e-17
4.266666666666666607e+00,2.748749094270715952e-17
4.283333333333333215e+00,-3.030869792562963644e-17
4.299999999999999822e+00,-1.231825148952133899e-16
4.316666666666666430e+00,-2.206134360767062628e-16
4.333333333333333037e+00,-2.974166613992636937e-16
4.349999999999999645e+00,-3.433993711945601706e-16
4.366666666666666252e+00,-3.534205468246021243e-16
4.383333333333332860e+00,-2.922585428010526976e-16
4.400000000000000355e+00,-1.750103876798714657e-16
4.416666666666666963e+00,-3.698405880184459968e-17
4.433333333333333570e+00,9.613891001658259015e-17
4.450000000000000178e+00,1.839447016657836145e-16
4.466666666666666785e+00,2.161313441120187743e-16
4.483333333333333393e+00,1.822197502782191879e-16
4.500000000000000000e+00,9.223089328717075484e-17
4.516666666666666607e+00,-2.363779224364862685e-17
4.533333333333333215e+00,-1.401947238967132916e-16
4.549999999999999822e+00,-2.423030468449783269e-16
4.566666666666666430e+00,-3.149619723269242468e-16
4.583333333333333037e+00,-3.276795833202145842e-16
4.599999999999999645e+00,-3.054905050354182946e-16
4.616666666666666252e+00,-2.634280357876864706e-16
4.633333333333332860e+00,-1.913344705541867458e-16
4.650000000000000355e+00,-1.341786843282001201e-16
4.666666666666666963e+00,-1.068220442632126954e-16
4.683333333333333570e+00,-1.143996811898104093e-16
4.700000000000000178e+00,-1.565602020755642732e-16
4.716666666666666785e+00,-2.029858116123662997e-16
4.733333333333333393e+00,-2.485101497058138416e-16
4.750000000000000000e+00,-2.529000986434364874e-16
4.766666666666666607e+00,-2.212454686947697509e-16
4.783333333333333215e+00,-1.589043766891342431e-16
4.799999999999999822e+00,-6.602441473107241644e-17
4.816666666666666430e+00,2.677857667630237896e-17
4.833333333333333037e+00,9.426200845866007023e-17
4.849999999999999645e+00,1.208395213223312921e-16
4.866666666666666252e+00,1.014643624984507062e-16
4.883333333333332860e+00,3.109226551891571323e-17
4.900000000000000355e+00,-7.521054906516432162e-17
4.916666666666666963e+00,-1.923223270098660391e-16
4.933333333333333570e+00,-2.902303344871092866e-16
4.950000000000000178e+00,-3.334041555921365431e-16
4.966666666666666785e+00,-3.365349435642560093e-16
4.983333333333333393e+00,-3.047848667937029591e-16
5.000000000000000000e+00,-2.880938026946782192e-16
5.016666666666666607e+00,-2.864209140801088653e-16
5.033333333333333215e+00,-2.947599895808346985e-16
5.049999999999999822e+00,-3.229282231705683805e-16
5.066666666666666430e+00,-3.657279880932486406e-16
5.083333333333333037e+00,-3.975348644429963436e-16
5.099999999999999645e+00,-3.930469564332861148e-16
5.116666666666666252e+00,-3.370328243846922016e-16
5.133333333333332860e+00,-2.445196838546678745e-16
5.150000000000000355e+00,-1.257225843896100273e-16
5.166666666666666963e+00,-6.055553281440934670e-18
5.183333333333333570e+00,7.370618825916361004e-17
5.200000000000000178e+00,1.078273187070203024e-16
5.216666666666666785e+00,8.568798056124498815e-17
5.233333333333333393e+00,2.700701451797209212e-17
5.250000000000000000e+00,-5.323496337927117933e-17
5.266666666666666607e+00,-1.499418055012159869e-16
5.283333333333333215e+00,-2.479454788518522389e-16
5.299999999999999822e+00,-3.069735853372441821e-16
5.316666666666666430e+00,-3.370352701166034174e-16
5.333333333333333037e+00,-3.428341809079368243e-16
5.349999999999999645e+00,-3.341456117816048026e-16
5.366666666666666252e+00,-3.507357256474584126e-16
5.383333333333332860e+00,-3.872313533304823269e-16
5.400000000000000355e+00,-4.386154058144821755e-16
5.416666666666666963e+00,-5.144326600659630437e-16
5.433333333333333570e+00,-5.891382875833033734e-16
5.450000000000000178e+00,-6.320967741650342622e-16
5.466666666666666785e+00,-6.177887702537683205e-16
5.483333333333333393e+00,-5.208621030782961440e-16
5.500000000000000000e+00,-3.464209108390437498e-16
5.516666666666666607e+00,-1.299447247472252356e-16
5.533333333333333215e+00,4.769879130292831353e-17
5.549999999999999822e+00,1.550114549299778097e-16
5.566666666666666430e+00,1.862123401766556329e-16
5.583333333333333037e+00,1.402576662593355391e-16
5.599999999999999645e+00,3.694789936991500007e-17
5.616666666666666252e+00,-8.366014413449254205e-17
5.633333333333332860e+00,-2.315030783004651013e-16
5.650000000000000355e+00,-3.562686992364559647e-16
5.666666666666666963e+00,-4.328796568977602227e-16
5.683333333333333570e+00,-4.759330722297265546e-16
5.700000000000000178e+00,-4.852985638547171233e-16
5.716666666666666785e+00,-4.758934141375209233e-16
5.733333333333333393e+00,-4.663990829102561001e-16
5.750000000000000000e+00,-4.862299374946997677e-16
5.766666666666666607e+00,-5.601643517693427513e-16
5.783333333333333215e+00,-6.782011138422976652e-16
5.799999999999999822e+00,-7.940512995128013959e-16
5.816666666666666430e+00,-8.671989414176626861e-16
5.833333333333333037e+00,-8.419994047694292534e-16
5.849999999999999645e+00,-6.727648117957153688e-16
5.866666666666666252e+00,-4.148867244036419824e-16
5.883333333333332860e+00,-1.251408507159099507e-16
5.900000000000000355e+00,1.301766769830056917e-16
5.916666666666666963e+00,2.897299397451335244e-16
5.933333333333333570e+00,3.271022771356828475e-16
5.950000000000000178e+00,2.360897196179775481e-16
5.966666666666666785e+00,6.177400050096572152e-17
5.983333333333333393e+00,-1.758446026161686166e-16
6.000000000000000000e+00,-4.161398088823489477e-16
6.016666666666666607e+00,-6.135430709416508832e-16
6.033333333333333215e+00,-7.271572481424279778e-16
6.049999999999999822e+00,-7.670561070973677556e-16
6.066666666666666430e+00,-7.590178551937279162e-16
6.083333333333333037e+00,-7.316976395908993658e-16
6.099999999999999645e+00,-7.391227611635469226e-16
6.116666666666666252e+00,-8.107815242864684622e-16
6.133333333333332860e+00,-9.262700625925037530e-16
6.150000000000000355e+00,-1.054881595452311548e-15
6.166666666666666963e+00,-1.134834720036636950e-15
6.183333333333333570e+00,-1.110487175222286351e-15
6.200000000000000178e+00,-9.209939965955292345e-16
6.216666666666666785e+00,-6.017843127770342447e-16
6.233333333333333393e+00,-2.454434938306634559e-16
6.250000000000000000e+00,8.239567669663757034e-17
6.266666666666666607e+00,3.048762611001801470e-16
6.283333333333333215e+00,3.799535863502332941e-16
6.299999999999999822e+00,3.065196216770746688e-16
6.316666666666666430e+00,1.284820933891128863e-16
6.333333333333333037e+00,-1.242505019472590730e-16
6.349999999999999645e+00,-4.109935036345852703e-16
6.366666666666666252e+00,-6.660898083220346535e-16
6.383333333333332860e+00,-8.343258409200696254e-16
6.400000000000000355e+00,-9.351378616500704496e-16
6.416666666666666963e+00,-9.829857863356949402e-16
6.433333333333333570e+00,-1.022590438078146925e-15
6.450000000000000178e+00,-1.085875486635416169e-15
6.466666666666666785e+00,-1.178420351501514951e-15
6.483333333333333393e+00,-1.302666017433601431e-15
6.500000000000000000e+00,-1.392445475468323845e-15
6.516666666666666607e+00,-1.377472051029752306e-15
6.533333333333333215e+00,-1.215862683324878628e-15
6.549999999999999822e+00,-8.721327292623544447e-16
6.566666666666666430e+00,-4.476593932417674591e-16
6.583333333333333037e+00,-3.002230127215419466e-17
6.599999999999999645e+00,2.744618620588249897e-16
6.616666666666666252e+00,4.125498102422461708e-16
6.633333333333332860e+00,3.765053124476108936e-16
6.649999999999999467e+00,2.040732327967698577e-16
6.666666666666666963e+00,-7.039460646186725011e-17
6.683333333333333570e+00,-3.715486561981154725e-16
6.700000000000000178e+00,-6.384501304700927912e-16
6.716666666666666785e+00,-8.299896654395966486e-16
6.733333333333333393e+00,-9.613419759399182994e-16
6.750000000000000000e+00,-1.040842026662315110e-15
6.766666666666666607e+00,-1.122292028875049609e-15
6.783333333333333215e+00,-1.249434130022777882e-15
6.799999999999999822e+00,-1.449747116684096417e-15
6.816666666666666430e+00,-1.662576249614827396e-15
6.833333333333333037e+00,-1.814668844302399822e-15
6.849999999999999645e+00,-1.819456317756853169e-15
6.866666666666666252e+00,-1.603839417297572919e-15
6.883333333333332860e+00,-1.146186346164482805e-15
6.899999999999999467e+00,-5.630581741590672303e-16
6.916666666666666963e+00,-3.010124153097076723e-18
6.933333333333333570e+00,4.151120372531423313e-16
6.950000000000000178e+00,6.230125183978603614e-16
6.966666666666666785e+00,5.796324299736349570e-16
6.983333333333333393e+00,3.305489408943384226e-16
7.000000000000000000e+00,-5.119364310719809951e-17
7.016666666666666607e+00,-4.598018319769348928e-16
7.033333333333333215e+00,-8.035254075509979857e-16
7.049999999999999822e+00,-1.020600322305380520e-15
7.066666666666666430e+00,-1.124440931235171600e-15
7.083333333333333037e+00,-1.178583437660559311e-15
7.099999999999999645e+00,-1.249902052393310982e-15
7.116666666666666252e+00,-1.409380302861088834e-15
7.133333333333332860e+00,-1.640491280328180065e-15
7.149999999999999467e+00,-1.886135850809379449e-15
7.166666666666666963e+00,-2.053193703020547089e-15
7.183333333333333570e+00,-2.043234167817866286e-15
7.200000000000000178e+00,-1.767526267783620177e-15
7.216666666666666785e+00,-1.209725527177377636e-15
7.233333333333333393e+00,-5.384588565720229671e-16
7.250000000000000000e+00,9.671091073073662942e-17
7.266666666666666607e+00,5.411286013280572290e-16
7.283333333333333215e+00,7.286120336208378804e-16
7.299999999999999822e+00,6.404502274270541724e-16
7.316666666666666430e+00,3.346820271500813957e-16
7.333333333333333037e+00,-7.981663866910817841e-17
7.349999999999999645e+00,-5.014616315726993005e-16
7.366666666666666252e+00,-8.178217314256803379e-16
7.383333333333332860e+00,-1.006421237266246774e-15
7.399999999999999467e+00,-1.089124932645850654e-15
7.416666666666666963e+00,-1.137697772335317333e-15
7.433333333333333570e+00,-1.251776657857949787e-15
7.450000000000000178e+00,-1.482659517237408325e-15
7.466666666666666785e+00,-1.786423062920807779e-15
7.483333333333333393e+00,-2.063114660613228579e-15
7.500000000000000000e+00,-2.172883366294468783e-15
7.516666666666666607e+00,-1.985441875778859560e-15
7.533333333333333215e+00,-1.488122782624239777e-15
7.549999999999999822e+00,-7.890595984990252046e-16
7.566666666666666430e+00,-8.510945604378329469e-17
7.583333333333333037e+00,4.763750573237516756e-16
7.599999999999999645e+00,7.913825736132213631e-16
7.616666666666666252e+00,8.181600774231281200e-16
7.633333333333332860e+00,5.971016522387543912e-16
7.649999999999999467e+00,2.401594429410182538e-16
7.666666666666666963e+00,-1.208976362170730285e-16
7.683333333333333570e+00,-3.718765463823997231e-16
7.700000000000000178e+00,-5.082634131569080198e-16
7.716666666666666785e+00,-6.017406201043813638e-16
7.733333333333333393e+00,-7.582190408261796445e-16
7.750000000000000000e+00,-1.050249100749138821e-15
7.766666666666666607e+00,-1.496788010648229463e-15
7.783333333333333215e+00,-2.009086744259018088e-15
7.799999999999999822e+00,-2.421875042816296863e-15
7.816666666666666430e+00,-2.538039081768211887e-15
7.833333333333333037e+00,-2.245514048075234353e-15
7.849999999999999645e+00,-1.541579162660589054e-15
7.866666666666666252e+00,-6.371619782884376050e-16
7.883333333333332860e+00,2.450218362583087272e-16
7.899999999999999467e+00,9.170318638938169292e-16
7.916666666666666963e+00,1.241289449052235097e-15
7.933333333333333570e+00,1.196746538730547087e-15
7.950000000000000178e+00,8.267974978018233115e-16
7.966666666666666785e+00,3.441342126518979418e-16
7.983333333333333393e+00,-5.824820861774257529e-17
8.000000000000000000e+00,-2.550188376396376125e-16
8.016666666666665719e+00,-2.570510658266247727e-16
8.033333333333333215e+00,-2.082561930763254588e-16
8.050000000000000711e+00,-2.846912024662522128e-16
8.066666666666666430e+00,-6.025052297305176931e-16
8.083333333333333925e+00,-1.157125820884251438e-15
8.099999999999999645e+00,-1.818180127377737870e-15
8.116666666666667140e+00,-2.358088969704799781e-15
8.133333333333332860e+00,-2.532839984204090580e-15
8.150000000000000355e+00,-2.214859295042279780e-15
8.166666666666666075e+00,-1.485410039998564080e-15
8.183333333333333570e+00,-5.538289755697594782e-16
8.199999999999999289e+00,3.591772454409102889e-16
8.216666666666666785e+00,1.080675231495719829e-15
8.233333333333332504e+00,1.474927134040532354e-15
8.250000000000000000e+00,1.495680191886099020e-15
8.266666666666665719e+00,1.263479622921449374e-15
8.283333333333333215e+00,9.568216671992023382e-16
8.300000000000000711e+00,7.451903506575318564e-16
8.316666666666666430e+00,6.655193039258403913e-16
8.333333333333333925e+00,6.249183037034513056e-16
8.349999999999999645e+00,4.581844558952552350e-16
8.366666666666667140e+00,5.554794205037360171e-17
8.383333333333332860e+00,-5.835935711125579782e-16
8.400000000000000355e+00,-1.365975576572049279e-15
8.416666666666666075e+00,-2.043083158183830666e-15
8.433333333333333570e+00,-2.363256388077137272e-15
8.449999999999999289e+00,-2.177371387427278330e-15
8.466666666666666785e+00,-1.525211641621519258e-15
8.483333333333332504e+00,-5.915687516553651439e-16
8.500000000000000000e+00,3.933240730828099495e-16
8.516666666666665719e+00,1.218478764637893376e-15
8.533333333333333215e+00,1.729078798453918123e-15
8.550000000000000711e+00,1.856539512710089119e-15
8.566666666666666430e+00,1.713424047990359493e-15
8.583333333333333925e+00,1.543905057768037756e-15
8.599999999999999645e+00,1.538801328695850650e-15
8.616666666666667140e+00,1.700192998484389129e-15
8.633333333333332860e+00,1.872103300893194058e-15
8.650000000000000355e+00,1.826189416418003417e-15
8.666666666666666075e+00,1.383008431946465227e-15
8.683333333333333570e+00,5.312533542089439826e-16
8.699999999999999289e+00,-5.596340581165102228e-16
8.716666666666666785e+00,-1.579530612187503933e-15
8.733333333333332504e+00,-2.205769644124819185e-15
8.750000000000000000e+00,-2.239166978118977154e-15
8.766666666666665719e+00,-1.722554212332613169e-15
8.783333333333333215e+00,-8.114815864726416279e-16
8.800000000000000711e+00,2.840787845578181157e-16
8.816666666666666430e+00,1.307942368356396547e-15
8.833333333333333925e+00,2.054361624741174955e-15
8.849999999999999645e+00,2.417140373002553306e-15
8.866666666666667140e+00,2.591186309577284229e-15
8.883333333333332860e+00,2.802906677125933823e-15
8.900000000000000355e+00,3.169269276165067543e-15
8.916666666666666075e+00,3.573607781849976354e-15
8.933333333333333570e+00,3.768855234687050537e-15
8.949999999999999289e+00,3.487891551489565499e-15
8.966666666666666785e+00,2.624607447629085975e-15
8.983333333333332504e+00,1.294984835344856371e-15
9.000000000000000000e+00,-1.809730994784330697e-16
9.016666666666665719e+00,-1.415139905741096337e-15
9.033333333333333215e+00,-2.096981809187162533e-15
9.050000000000000711e+00,-2.125491625354182232e-15
9.066666666666666430e+00,-1.518119045738614882e-15
9.083333333333333925e+00,-4.554801728653116504e-16
9.099999999999999645e+00,8.114606689547220797e-16
9.116666666666667140e+00,1.999352330494953431e-15
9.133333333333332860e+00,2.906978813200718688e-15
9.150000000000000355e+00,3.672338664482838839e-15
9.166666666666666075e+00,4.473700318063826147e-15
9.183333333333333570e+00,5.326017899978291433e-15
9.199999999999999289e+00,6.069611840667389044e-15
9.216666666666666785e+00,6.377967395495766987e-15
9.233333333333332504e+00,5.952334720776174609e-15
9.250000000000000000e+00,4.705848834795821449e-15
9.266666666666665719e+00,2.824472815938868928e-15
9.283333333333333215e+00,7.269328161125223965e-16
9.300000000000000711e+00,-1.083860935150897706e-15
9.316666666666666430e+00,-2.249686097132420786e-15
9.333333333333333925e+00,-2.586682598466934799e-15
9.349999999999999645e+00,-2.076720849654697630e-15
9.366666666666667140e+00,-8.375015393619357928e-16
9.383333333333332860e+00,8.226080044441841210e-16
9.400000000000000355e+00,2.527845114391340502e-15
9.416666666666666075e+00,4.248882944208796958e-15
9.433333333333333570e+00,6.003872062352355509e-15
9.449999999999999289e+00,7.678442104887734644e-15
9.466666666666666785e+00,3.342608047648650240e-15
9.483333333333332504e+00,3.494073016736300911e-09
9.500000000000000000e+00,5.868725572159932540e-09
9.516666666666665719e+00,4.144322711975100394e-09
9.533333333333333215e+00,-2.175129661795412321e-09
9.550000000000000711e+00,-9.907625553395166824e-09
9.566666666666666430e+00,-1.666387655808577226e-08
9.583333333333333925e+00,-2.049602069498825694e-08
9.599999999999999645e+00,-2.013969267159772796e-08
9.616666666666667140e+00,-1.537071503254128623e-08
9.633333333333332860e+00,-7.122709233734632565e-09
9.650000000000000355e+00,2.711724251476165769e-09
9.666666666666666075e+00,1.175655335013332470e-08
9.683333333333333570e+00,1.778079791060975169e-08
9.699999999999999289e+00,1.930615594792194384e-08
9.716666666666666785e+00,1.619853551246687989e-08
9.733333333333332504e+00,9.437441159230015030e-09
9.750000000000000000e+00,8.237174647467873001e-10
9.766666666666665719e+00,-7.489424252611484140e-09
9.783333333333333215e+00,-1.352777237611597112e-08
9.800000000000000711e+00,-1.598390089812463521e-08
9.816666666666666430e+00,-1.449912702956226590e-08
9.833333333333333925e+00,-9.618742407931130712e-09
9.849999999999999645e+00,-2.560163196729344985e-09
9.866666666666667140e+00,5.099202416214234587e-09
9.883333333333332860e+00,1.173715802178540142e-08
9.900000000000000355e+00,1.597658465131221832e-08
9.916666666666666075e+00,1.693854007157604688e-08
9.933333333333333570e+00,1.442900960273753218e-08
9.949999999999999289e+00,9.009420226334353342e-09
9.966666666666666785e+00,1.906489742479280098e-09
9.983333333333332504e+00,-5.246769674041071403e-09
1.000000000000000000e+01,-1.079245862255900257e-08
1.001666666666666572e+01,-1.346003649111530381e-08
1.003333333333333321e+01,-1.274623167762608943e-08
1.005000000000000071e+01,-8.995666486685938611e-09
1.006666666666666643e+01,-3.260107559614055841e-09
1.008333333333333393e+01,2.988882990477573558e-09
1.009999999999999964e+01,8.229617418227997195e-09
1.011666666666666714e+01,1.125754392925753790e-08
1.013333333333333286e+01,1.150589131277990310e-08
1.015000000000000036e+01,9.115723382598164578e-09
1.016666666666666607e+01,4.808463775452718558e-09
1.018333333333333357e+01,-3.351855382331806161e-10
1.019999999999999929e+01,-5.134355726850666407e-09
1.021666666666666679e+01,-8.552271042654898172e-09
1.023333333333333250e+01,-9.894054234668391685e-09
1.025000000000000000e+01,-8.936534798845619652e-09
1.026666666666666572e+01,-5.970053217572053623e-09
1.028333333333333321e+01,-1.737075196501417351e-09
1.030000000000000071e+01,2.732653260033365688e-09
1.031666666666666643e+01,6.362436753120192687e-09
1.033333333333333393e+01,8.305342643523518051e-09
1.034999999999999964e+01,8.182891172420701151e-09
1.036666666666666714e+01,6.130286985573448795e-09
1.038333333333333286e+01,2.736509151845857499e-09
1.040000000000000036e+01,-1.118943796183983641e-09
1.041666666666666607e+01,-4.489542580907712542e-09
1.043333333333333357e+01,-6.592131354284966054e-09
1.044999999999999929e+01,-7.005099142299500095e-09
1.046666666666666679e+01,-5.733036792756054396e-09
1.048333333333333250e+01,-3.163180329229595257e-09
1.050000000000000000e+01,5.446238145218488939e-11
1.051666666666666572e+01,3.165913786679237944e-09
1.053333333333333321e+01,5.477079772051531460e-09
1.055000000000000071e+01,6.496188078814180974e-09
1.056666666666666643e+01,6.033073657626248378e-09
1.058333333333333393e+01,4.238133744162789987e-09
1.059999999999999964e+01,1.567885202239373103e-09
1.061666666666666714e+01,-1.320849363774892375e-09
1.063333333333333286e+01,-3.729369766855346265e-09
1.065000000000000036e+01,-5.105788117666989510e-09
1.066666666666666607e+01,-5.173904934294158772e-09
1.068333333333333357e+01,-3.984215225056466500e-09
1.069999999999999929e+01,-1.885124125447651817e-09
1.071666666666666679e+01,5.745027308535135899e-10
1.073333333333333250e+01,2.786799848578924270e-09
1.075000000000000000e+01,4.248981888063967942e-09
1.076666666666666572e+01,4.670973777181163208e-09
1.078333333333333321e+01,4.020899083226861015e-09
1.080000000000000071e+01,2.509400174033161204e-09
1.081666666666666643e+01,5.256611666305600766e-10
1.083333333333333393e+01,-1.456751727889497691e-09
1.084999999999999964e+01,-2.985204135969692153e-09
1.086666666666666714e+01,-3.726350813069383271e-09
1.088333333333333286e+01,-3.539157044012508866e-09
1.090000000000000036e+01,-2.505726217842204562e-09
1.091666666666666607e+01,-9.144280238906885596e-10
1.093333333333333357e+01,8.247689322302892696e-10
1.094999999999999929e+01,2.287880695511598447e-09
1.096666666666666679e+01,3.138807228914114625e-09
1.098333333333333250e+01,3.204566668393411021e-09
1.100000000000000000e+01,2.508806841450285563e-09
1.101666666666666572e+01,1.256671424785187609e-09
1.103333333333333321e+01,-2.183866781817429186e-10
1.105000000000000071e+01,-1.553266046743155770e-09
1.106666666666666643e+01,-2.443151310999772705e-09
1.108333333333333393e+01,-2.705358127707943730e-09
1.109999999999999964e+01,-2.311270283429334925e-09
1.111666666666666714e+01,-1.383990202564978260e-09
1.113333333333333286e+01,-1.649142520086008442e-10
1.115000000000000036e+01,1.044077116894839222e-09
1.116666666666666607e+01,1.951452821237820021e-09
1.118333333333333357e+01,2.353517126703465426e-09
1.119999999999999929e+01,2.179640192890403929e-09
1.121666666666666679e+01,1.500758794222472563e-09
1.123333333333333250e+01,5.049013678099466697e-10
1.125000000000000000e+01,-5.535378846202811074e-10
1.126666666666666572e+01,-1.417780862747428648e-09
1.128333333333333321e+01,-1.890559842910861236e-09
1.130000000000000071e+01,-1.879489917703248807e-09
1.131666666666666643e+01,-1.413603636749147975e-09
1.133333333333333393e+01,-6.267702447785112791e-10
1.134999999999999964e+01,2.801089365392196889e-10
1.136666666666666714e+01,1.088193656622749680e-09
1.138333333333333286e+01,1.610446518058787183e-09
1.140000000000000036e+01,1.732862259991544030e-09
1.141666666666666607e+01,1.440326594663051450e-09
1.143333333333333357e+01,8.239538530667332644e-10
1.144999999999999929e+01,4.783623242067743060e-11
1.146666666666666679e+01,-6.941369999925299582e-10
1.148333333333333250e+01,-1.226194840984097740e-09
1.150000000000000000e+01,-1.431589158843785134e-09
1.151666666666666572e+01,-1.277683142985723936e-09
1.153333333333333321e+01,-8.197011372063783068e-10
1.155000000000000071e+01,-1.829736952166663741e-10
1.156666666666666643e+01,4.719857089417175921e-10
1.158333333333333393e+01,9.893687471744021901e-10
1.159999999999999964e+01,1.253171883366402608e-09
1.161666666666666714e+01,1.211344073215487626e-09
1.163333333333333286e+01,8.859961439063447377e-10
1.165000000000000036e+01,3.693590456860166472e-10
1.166666666666666607e+01,-2.051382084801049348e-10
1.168333333333333357e+01,-6.970192135003929518e-10
1.169999999999999929e+01,-9.927803320042540541e-10
1.171666666666666679e+01,-1.031633620886184315e-09
1.173333333333333250e+01,-8.173437919147579102e-10
1.175000000000000000e+01,-4.142170392460531406e-10
1.176666666666666572e+01,7.139814397903057891e-11
1.178333333333333321e+01,5.187937322847209259e-10
1.180000000000000071e+01,8.225851503458143886e-10
1.181666666666666643e+01,9.171444777358802083e-10
1.183333333333333393e+01,7.902497581989207175e-10
1.184999999999999964e+01,4.833847521575740734e-10
1.186666666666666714e+01,7.910501747158491928e-11
1.188333333333333286e+01,-3.208661617463541064e-10
1.190000000000000036e+01,-6.210159924435178087e-10
1.191666666666666607e+01,-7.546015309055546847e-10
1.193333333333333357e+01,-6.981415543831889222e-10
1.194999999999999929e+01,-4.748981726879571079e-10
1.196666666666666679e+01,-1.469629170860295232e-10
1.198333333333333250e+01,2.016220505641772750e-10
1.200000000000000000e+01,4.861471570512603338e-10
1.201666666666666572e+01,6.415650543844869278e-10
1.203333333333333321e+01,6.370531949975051741e-10
1.205000000000000071e+01,4.816530226023794808e-10
1.206666666666666643e+01,2.201375477197264012e-10
1.208333333333333393e+01,-7.953794313108876505e-11
1.209999999999999964e+01,-3.437159928036572404e-10
1.211666666666666714e+01,-5.109858503728894333e-10
1.213333333333333286e+01,-5.462707570371621829e-10
1.215000000000000036e+01,-4.478866120171473245e-10
1.216666666666666607e+01,-2.462936334527654317e-10
1.218333333333333357e+01,4.843225738250626941e-12
1.219999999999999929e+01,2.427116230069867756e-10
1.221666666666666679e+01,4.108769747027850095e-10
1.223333333333333250e+01,4.724737802356342969e-10
1.225000000000000000e+01,4.180327555198668046e-10
1.226666666666666572e+01,2.663781098266975674e-10
1.228333333333333321e+01,5.869528888698086800e-11
1.230000000000000071e+01,-1.524808613410088515e-10
1.231666666666666643e+01,-3.164406448627711231e-10
1.233333333333333393e+01,-3.963615873186898717e-10
1.234999999999999964e+01,-3.774225338201381089e-10
1.236666666666666714e+01,-2.692512440463815113e-10
1.238333333333333286e+01,-1.023847777012556357e-10
1.240000000000000036e+01,8.011973222421954864e-11
1.241666666666666607e+01,2.336482144855047994e-10
1.243333333333333357e+01,3.228005006834198957e-10
1.244999999999999929e+01,3.294000682180901833e-10
1.246666666666666679e+01,2.559724982282154896e-10
1.248333333333333250e+01,1.241049441250464708e-10
1.250000000000000000e+01,-3.169437043017835846e-11
1.251666666666666572e+01,-1.729267126593451811e-10
1.253333333333333321e+01,-2.665358407789405449e-10
1.255000000000000071e+01,-2.925547068275566724e-10
1.256666666666666643e+01,-2.482245344960958243e-10
1.258333333333333393e+01,-1.477933848091234177e-10
1.259999999999999964e+01,-1.823536955659435556e-11
1.261666666666666714e+01,1.078661261830625508e-10
1.263333333333333286e+01,2.004151038529990535e-10
1.265000000000000036e+01,2.388876113798459764e-10
1.266666666666666607e+01,2.167611000352626301e-10
1.268333333333333357e+01,1.423704356542385701e-10
1.269999999999999929e+01,3.616133590992459047e-11
1.271666666666666679e+01,-7.482624444388289293e-11
1.273333333333333250e+01,-1.637762178531921431e-10
1.275000000000000000e+01,-2.105136135250876518e-10
1.276666666666666572e+01,-2.060023691904861276e-10
1.278333333333333321e+01,-1.539480728036363324e-10
1.280000000000000071e+01,-6.926549676083270903e-11
1.281666666666666643e+01,2.606844920501173547e-11
1.283333333333333393e+01,1.086434734942776462e-10
1.284999999999999964e+01,1.592998552084039504e-10
1.286666666666666714e+01,1.675030825403326245e-10
1.288333333333333286e+01,1.334294752861089128e-10
1.290000000000000036e+01,6.738387890117186049e-11
1.291666666666666607e+01,-1.318416220391492335e-11
1.293333333333333357e+01,-8.822681425096642786e-11
1.294999999999999929e+01,-1.400364405027430073e-10
1.296666666666666679e+01,-1.573715134573605517e-10
1.298333333333333250e+01,-1.378222656975330321e-10
1.300000000000000000e+01,-8.794222543524637992e-11
1.301666666666666572e+01,-2.122136836590090779e-11
1.303333333333333321e+01,4.550153451065757763e-11
1.304999999999999893e+01,9.624602789576709870e-11
1.306666666666666643e+01,1.196762467675566181e-10
1.308333333333333393e+01,1.115809600404461358e-10
1.309999999999999964e+01,7.552148701318945972e-11
1.311666666666666714e+01,2.158466307626764378e-11
1.313333333333333286e+01,-3.636699376384256792e-11
1.315000000000000036e+01,-8.421066170947976440e-11
1.316666666666666607e+01,-1.109622231372684588e-10
1.318333333333333357e+01,-1.112496508692019518e-10
1.319999999999999929e+01,-8.631573080699137886e-11
1.321666666666666679e+01,-4.338479018850717426e-11
1.323333333333333250e+01,6.373954923966432102e-12
1.325000000000000000e+01,5.072507072810146128e-11
1.326666666666666572e+01,7.935405637606124280e-11
1.328333333333333321e+01,8.624159404561959901e-11
1.329999999999999893e+01,7.088745090446358184e-11
1.331666666666666643e+01,3.815073501138613771e-11
1.333333333333333393e+01,-3.187357059714158875e-12
1.334999999999999964e+01,-4.272822667997534485e-11
1.336666666666666714e+01,-7.103120920791438590e-11
1.338333333333333286e+01,-8.182798410096924848e-11
1.340000000000000036e+01,-7.336373312006461540e-11
1.341666666666666607e+01,-4.858862977907181454e-11
1.343333333333333357e+01,-1.421123007827745626e-11
1.344999999999999929e+01,2.110134879367419772e-11
1.346666666666666679e+01,4.890098125244816686e-11
1.348333333333333250e+01,6.297236838861619872e-11
1.350000000000000000e+01,6.070887207569432642e-11
1.351666666666666572e+01,4.355376715346338512e-11
1.353333333333333321e+01,1.644851114574806912e-11
1.354999999999999893e+01,-1.353001128387205970e-11
1.356666666666666643e+01,-3.897487580888178642e-11
1.358333333333333393e+01,-5.394166097340413913e-11
1.359999999999999964e+01,-5.529903956715709789e-11
1.361666666666666714e+01,-4.333611599178256428e-11
1.363333333333333286e+01,-2.151923091568576042e-11
1.365000000000000036e+01,4.500979865478600235e-12
1.366666666666666607e+01,2.835563067171733212e-11
1.368333333333333357e+01,4.452088523129043856e-11
1.369999999999999929e+01,4.959898011237118846e-11
1.371666666666666679e+01,4.302416215557688798e-11
1.373333333333333250e+01,2.705429688541549573e-11
1.375000000000000000e+01,6.085680859135461506e-12
1.376666666666666572e+01,-1.450992069773630033e-11
1.378333333333333321e+01,-2.972286700302570636e-11
1.379999999999999893e+01,-3.608820126417099528e-11
1.381666666666666643e+01,-3.243756333616184722e-11
1.383333333333333393e+01,-2.006222929771491096e-11
1.384999999999999964e+01,-2.278289624664266215e-12
1.386666666666666714e+01,1.647166393510600397e-11
1.388333333333333286e+01,3.174102192095509275e-11
1.390000000000000036e+01,4.014529929835240708e-11
1.391666666666666607e+01,4.011911066855685501e-11
1.393333333333333357e+01,3.219874302236706140e-11
1.394999999999999929e+01,1.878640205240778016e-11
1.396666666666666679e+01,3.479119501735188581e-12
1.398333333333333250e+01,-9.854668426185065023e-12
1.400000000000000000e+01,-1.801638297853272655e-11
1.401666666666666572e+01,-1.920995190754898480e-11
1.403333333333333321e+01,-1.340086436013378968e-11
1.404999999999999893e+01,-2.234598933556769418e-12
1.406666666666666643e+01,1.144361868843038928e-11
1.408333333333333393e+01,2.433210595727836937e-11
1.409999999999999964e+01,3.348757678265909140e-11
1.411666666666666714e+01,3.701237598160232538e-11
1.413333333333333286e+01,3.445593213208674691e-11
1.415000000000000036e+01,2.684891595355959642e-11
1.416666666666666607e+01,1.638052563103768315e-11
1.418333333333333357e+01,5.814338189317470302e-12
1.419999999999999929e+01,-2.203516806366896877e-12
1.421666666666666679e+01,-5.772869279040973792e-12
1.423333333333333250e+01,-4.156917990931938506e-12
1.425000000000000000e+01,2.100542481851810118e-12
1.426666666666666572e+01,1.137085778521125083e-11
1.428333333333333321e+01,2.138639230232294432e-11
1.429999999999999893e+01,2.981681694108235285e-11
1.431666666666666643e+01,3.483089651293164545e-11
1.433333333333333393e+01,3.550996849757443497e-11
1.434999999999999964e+01,3.202158077104644684e-11
1.436666666666666714e+01,2.552372525327484643e-11
1.438333333333333286e+01,1.783651156062860281e-11
1.440000000000000036e+01,1.097197221038248813e-11
1.441666666666666607e+01,6.641802284402749363e-12
1.443333333333333357e+01,5.862290452964820810e-12
1.444999999999999929e+01,8.746257468871762245e-12
1.446666666666666679e+01,1.452217864072316565e-11
1.448333333333333250e+01,2.176434143814924970e-11
1.450000000000000000e+01,2.876809808102191633e-11
1.451666666666666572e+01,3.397281667173296447e-11
1.453333333333333321e+01,3.632861161961787943e-11
1.454999999999999893e+01,3.552186223270440095e-11
1.456666666666666643e+01,3.201274254210011115e-11
1.458333333333333393e+01,2.688524143597581660e-11
1.459999999999999964e+01,2.155530782163568128e-11
1.461666666666666714e+01,1.741432284965292068e-11
1.463333333333333286e+01,1.549681507890604599e-11
1.465000000000000036e+01,1.625062299502533559e-11
1.466666666666666607e+01,1.945955641635664265e-11
1.468333333333333357e+01,2.432921034296071529e-11
1.469999999999999929e+01,2.970700953491454642e-11
1.471666666666666679e+01,3.437684517138653957e-11
1.473333333333333250e+01,3.735387783974086008e-11
1.475000000000000000e+01,3.810875750058368724e-11
1.476666666666666572e+01,3.667121947955805742e-11
1.478333333333333321e+01,3.359424213536506023e-11
1.479999999999999893e+01,2.979465465548215075e-11
1.481666666666666643e+01,2.631463641956246463e-11
1.483333333333333393e+01,2.406541204460322177e-11
1.484999999999999964e+01,2.361544425995326420e-11
1.486666666666666714e+01,2.507171668397080951e-11
1.488333333333333286e+01,2.807770349519782941e-11
1.490000000000000036e+01,3.192259525055053575e-11
1.491666666666666607e+01,3.572985654887067088e-11
1.493333333333333357e+01,3.867585236199637503e-11
1.494999999999999929e+01,4.018461319591293067e-11
1.496666666666666679e+01,4.005317645117133617e-11
1.498333333333333250e+01,3.848110333191093446e-11
1.500000000000000000e+01,3.600196909124066240e-11
1.501666666666666572e+01,3.333824249522031914e-11
1.503333333333333321e+01,3.121841442348193757e-11
1.504999999999999893e+01,3.020196133387122474e-11
1.506666666666666643e+01,3.055385704774200609e-11
1.508333333333333393e+01,3.219616110884970148e-11
1.509999999999999964e+01,3.474427823908376254e-11
1.511666666666666714e+01,3.761488763250007218e-11
1.513333333333333286e+01,4.017598185388207745e-11
1.515000000000000036e+01,4.190088490885966889e-11
1.516666666666666607e+01,4.248913386367956655e-11
1.518333333333333357e+01,4.192681372810508019e-11
1.519999999999999929e+01,4.047522428049652683e-11
1.521666666666666679e+01,3.859406969118618982e-11
1.523333333333333250e+01,3.682102385525797029e-11
1.525000000000000000e+01,3.563879618974537308e-11
1.526666666666666572e+01,3.536219083735203774e-11
1.528333333333333321e+01,3.607125913894994889e-11
1.529999999999999893e+01,3.760414686004334191e-11
1.531666666666666643e+01,3.960832791027761603e-11
1.533333333333333393e+01,4.163488012560918103e-11
1.534999999999999964e+01,4.325110878317085492e-11
1.536666666666666714e+01,4.414341965057934665e-11
1.538333333333333286e+01,4.418636462306812189e-11
1.540000000000000036e+01,4.346308381731218017e-11
1.541666666666666607e+01,4.223461756308664739e-11
1.543333333333333357e+01,4.086810059280221586e-11
1.544999999999999929e+01,3.974333390321046757e-11
1.546666666666666679e+01,3.916105693321498813e-11
1.548333333333333250e+01,3.927487112059428468e-11
1.550000000000000000e+01,4.006195957288468554e-11
1.551666666666666572e+01,4.133767269873375475e-11
1.553333333333333321e+01,4.280810206902091488e-11
1.554999999999999893e+01,4.414613631576684425e-11
1.556666666666666643e+01,4.507161327586879239e-11
1.558333333333333393e+01,4.541608453827466300e-11
1.559999999999999964e+01,4.515742327454065175e-11
1.561666666666666714e+01,4.441762785805240213e-11
1.563333333333333286e+01,4.342612407087630904e-11
1.565000000000000036e+01,4.245921257262393324e-11
1.566666666666666607e+01,4.177141982993443895e-11
1.568333333333333357e+01,4.153557746292225829e-11
1.569999999999999929e+01,4.180557720320691630e-11
1.571666666666666679e+01,4.250959390241959886e-11
1.573333333333333250e+01,4.347373601510460012e-11
1.575000000000000000e+01,4.446905838868035828e-11
1.576666666666666572e+01,4.526923338624377891e-11
1.578333333333333321e+01,4.570468840834490164e-11
1.579999999999999893e+01,4.570040115183094014e-11
1.581666666666666643e+01,4.528895875436409606e-11
1.583333333333333393e+01,4.459720742453047089e-11
1.584999999999999964e+01,4.381099735168732961e-11
1.586666666666666714e+01,4.312755206054398515e-11
1.588333333333333286e+01,4.270760058589028091e-11
1.590000000000000036e+01,4.263875116959599161e-11
1.591666666666666607e+01,4.291822698922017869e-11
1.593333333333333357e+01,4.345818590886938665e-11
1.594999999999999929e+01,4.411122118668045728e-11
1.596666666666666679e+01,4.470870260790752415e-11
1.598333333333333250e+01,4.510237589305295228e-11
1.600000000000000000e+01,4.519879968440308773e-11
1.601666666666666572e+01,4.497904448283495249e-11
1.603333333333333144e+01,4.449925027218069948e-11
1.605000000000000071e+01,4.387339050775458096e-11
1.606666666666666643e+01,4.324291151087098979e-11
1.608333333333333215e+01,4.274143537945678274e-11
1.610000000000000142e+01,4.246314007673396967e-11
1.611666666666666714e+01,4.244216978616770139e-11
1.613333333333333286e+01,4.264760836892983457e-11
1.614999999999999858e+01,4.299422203151083079e-11
1.616666666666666785e+01,4.336570565804493460e-11
1.618333333333333357e+01,4.364419655267532000e-11
1.619999999999999929e+01,4.373862551160999085e-11
1.621666666666666501e+01,4.360517643281467428e-11
1.623333333333333428e+01,4.325535317356942796e-11
1.625000000000000000e+01,4.275039170230219645e-11
1.626666666666666572e+01,4.218397050729806381e-11
1.628333333333333144e+01,4.165814698935057109e-11
1.630000000000000071e+01,4.125840047821445278e-11
1.631666666666666643e+01,4.103403638713231685e-11
1.633333333333333215e+01,4.098824594679632549e-11
1.635000000000000142e+01,4.107970651545482007e-11
1.636666666666666714e+01,4.123483066074899019e-11
1.638333333333333286e+01,4.136705412719449712e-11
1.639999999999999858e+01,4.139830409988237936e-11
1.641666666666666785e+01,4.127728393117697792e-11
1.643333333333333357e+01,4.099043190976484708e-11
1.644999999999999929e+01,4.056317649726731356e-11
1.646666666666666501e+01,4.005186725049417932e-11
1.648333333333333428e+01,3.952866810954790826e-11
1.650000000000000000e+01,3.906344664952474233e-11
1.651666666666666572e+01,3.870716698722843558e-11
1.653333333333333144e+01,3.848066185777120514e-11
1.655000000000000071e+01,3.837115063385153704e-11
1.656666666666666643e+01,3.833713981019241959e-11
1.658333333333333215e+01,3.831980157368400336e-11
1.660000000000000142e+01,3.825804459670110138e-11
1.661666666666666714e+01,3.810327278595963527e-11
1.663333333333333286e+01,3.783041988788398852e-11
1.664999999999999858e+01,3.744273773109886562e-11
1.666666666666666785e+01,3.696954593830035157e-11
1.668333333333333357e+01,3.645791713802945959e-11
1.669999999999999929e+01,3.596043940460443571e-11
1.671666666666666501e+01,3.552238089929338587e-11
1.673333333333333428e+01,3.517118030256340622e-11
1.675000000000000000e+01,3.491084519408043268e-11
1.676666666666666572e+01,3.472219607576273098e-11
1.678333333333333144e+01,3.456868109030786126e-11
1.680000000000000071e+01,3.440608249914919726e-11
1.681666666666666643e+01,3.419350450217006697e-11
1.683333333333333215e+01,3.390305622472358251e-11
1.685000000000000142e+01,3.352585431321318341e-11
1.686666666666666714e+01,3.307318650711203707e-11
1.688333333333333286e+01,3.257279938899471492e-11
1.689999999999999858e+01,3.206139570131805882e-11
1.691666666666666785e+01,3.157537301809463436e-11
1.693333333333333357e+01,3.114214312714701575e-11
1.694999999999999929e+01,3.077404016842017657e-11
1.696666666666666501e+01,3.046614687647139801e-11
1.698333333333333428e+01,3.019842261090543001e-11
1.700000000000000000e+01,2.994126404725328206e-11
1.701666666666666572e+01,2.966314594267890164e-11
1.703333333333333144e+01,2.933830463541485514e-11
1.705000000000000071e+01,2.895261749822793643e-11
1.706666666666666643e+01,2.850639957547142221e-11
1.708333333333333215e+01,2.801363832892712843e-11
1.710000000000000142e+01,2.749790190383818840e-11
1.711666666666666714e+01,2.698620802913548265e-11
1.713333333333333286e+01,2.650243800475817307e-11
1.714999999999999858e+01,2.606172483690373779e-11
1.716666666666666785e+01,2.566734553540716189e-11
1.718333333333333357e+01,2.531055623053951687e-11
1.719999999999999929e+01,2.497330062127181961e-11
1.721666666666666501e+01,2.463308309713259705e-11
1.723333333333333428e+01,2.426858823619992116e-11
1.725000000000000000e+01,2.386476365735074765e-11
1.726666666666666572e+01,2.341613824430453859e-11
1.728333333333333144e+01,2.292759518602423730e-11
1.730000000000000071e+01,2.241274994839896220e-11
1.731666666666666643e+01,2.189022931349401192e-11
1.733333333333333215e+01,2.137892769420617450e-11
1.735000000000000142e+01,2.089353362618152270e-11
1.736666666666666714e+01,2.044120719348371821e-11
1.738333333333333286e+01,2.002029938898785182e-11
1.739999999999999858e+01,1.962120975686354528e-11
1.741666666666666785e+01,1.922911626644805332e-11
1.743333333333333357e+01,1.882784836227465736e-11
1.744999999999999929e+01,1.840382668981389565e-11
1.746666666666666501e+01,1.794918893156893484e-11
1.748333333333333428e+01,1.746342709122573131e-11
1.750000000000000000e+01,1.695315338178803378e-11
1.751666666666666572e+01,1.643012992514480017e-11
1.753333333333333144e+01,1.590823102826562075e-11
1.755000000000000071e+01,1.540001193855289817e-11
1.756666666666666643e+01,1.491377468996317267e-11
1.758333333333333215e+01,1.445183564382487444e-11
1.760000000000000142e+01,1.401028202883465979e-11
1.761666666666666714e+01,1.358026817116442854e-11
1.763333333333333286e+01,1.315040917789843020e-11
1.764999999999999858e+01,1.270964345174569191e-11
1.766666666666666785e+01,1.224994502558756751e-11
1.768333333333333357e+01,1.176803051937825578e-11
1.769999999999999929e+01,1.126596954899370091e-11
1.771666666666666501e+01,1.075041653937080807e-11
1.773333333333333428e+01,1.023078054738399251e-11
1.775000000000000000e+01,9.716866076366412839e-12
1.776666666666666572e+01,9.216518176616797762e-12
1.778333333333333144e+01,8.733845453152387119e-12
1.780000000000000071e+01,8.268469078390640875e-12
1.781666666666666643e+01,7.815823243845559320e-12
1.783333333333333215e+01,7.368522531435971282e-12
1.785000000000000142e+01,6.918298369174172990e-12
1.786666666666666714e+01,6.458031700872863631e-12
1.788333333333333286e+01,5.983424050987410384e-12
1.789999999999999858e+01,5.493899163363982241e-12
1.791666666666666785e+01,4.992584087184976316e-12
1.793333333333333357e+01,4.485339229407716619e-12
1.794999999999999929e+01,3.979274734072685957e-12
1.796666666666666501e+01,3.480969536707733836e-12
1.798333333333333428e+01,2.994916275664566311e-12
1.800000000000000000e+01,2.522634966475498043e-12
1.801666666666666572e+01,2.062430454848101920e-12
1.803333333333333144e+01,1.609995251984086696e-12
1.805000000000000071e+01,1.159616353753915836e-12
1.806666666666666643e+01,7.055938625133518519e-13
1.808333333333333215e+01,2.436650429362441868e-13
1.810000000000000142e+01,-2.280692451330072346e-13
1.811666666666666714e+01,-7.087714628576857955e-13
1.813333333333333286e+01,-1.195188497974591141e-12
1.814999999999999858e+01,-1.682566741930477814e-12
1.816666666666666785e+01,-2.165824045994291116e-12
1.818333333333333357e+01,-2.640812706639073449e-12
1.819999999999999929e+01,-3.105190327426540996e-12
1.821666666666666501e+01,-3.558928615317790019e-12
1.823333333333333428e+01,-4.004173265524207617e-12
1.825000000000000000e+01,-4.444560320739302911e-12
1.826666666666666572e+01,-4.884295767445509799e-12
1.828333333333333144e+01,-5.327063768221346040e-12
1.830000000000000071e+01,-5.775211296332093684e-12
1.831666666666666643e+01,-6.229194154314454531e-12
1.833333333333333215e+01,-6.687551179310568212e-12
1.835000000000000142e+01,-7.147361549971505523e-12
1.836666666666666714e+01,-7.604989057638598708e-12
1.838333333333333286e+01,-8.057002757027527032e-12
1.839999999999999858e+01,-8.500961988699002837e-12
1.841666666666666785e+01,-8.935914933541174638e-12
1.843333333333333357e+01,-9.362560112919490135e-12
1.844999999999999929e+01,-9.782985230211952928e-12
1.846666666666666501e+01,-1.020004874982801270e-11
1.848333333333333428e+01,-1.061668565827056453e-11
1.850000000000000000e+01,-1.103514264742604707e-11
1.851666666666666572e+01,-1.145649982752197494e-11
1.853333333333333144e+01,-1.188042377904254973e-11
1.855000000000000071e+01,-1.230534319436265505e-11
1.856666666666666643e+01,-1.272885606600057594e-11
1.858333333333333215e+01,-1.314833328677527897e-11
1.860000000000000142e+01,-1.356155260932736694e-11
1.861666666666666714e+01,-1.396722211140951578e-11
1.863333333333333286e+01,-1.436521697430446422e-11
1.864999999999999858e+01,-1.475652458102348119e-11
1.866666666666666785e+01,-1.514294287086369520e-11
1.868333333333333357e+01,-1.552660767382886501e-11
1.869999999999999929e+01,-1.590943925927020432e-11
1.871666666666666501e+01,-1.629267933855609520e-11
1.873333333333333428e+01,-1.667663415899983308e-11
1.875000000000000000e+01,-1.706061889762662074e-11
1.876666666666666572e+01,-1.744318874809647384e-11
1.878333333333333144e+01,-1.782249096942780169e-11
1.880000000000000071e+01,-1.819674777872363422e-11
1.881666666666666643e+01,-1.856464386971676972e-11
1.883333333333333215e+01,-1.892562346090453285e-11
1.885000000000000142e+01,-1.927995092092697901e-11
1.886666666666666714e+01,-1.962864056832496809e-11
1.888333333333333286e+01,-1.997312989519831073e-11
1.889999999999999858e+01,-2.031490729080538138e-11
1.891666666666666785e+01,-2.065514473687264680e-11
1.893333333333333357e+01,-2.099443098235675655e-11
1.894999999999999929e+01,-2.133265564334185726e-11
1.896666666666666501e+01,-2.166905923353792253e-11
1.898333333333333428e+01,-2.200242424703693918e-11
1.900000000000000000e+01,-2.233143221570767995e-11
1.901666666666666572e+01,-2.265491527696366403e-11
1.903333333333333144e+01,-2.297216323474559315e-11
1.905000000000000071e+01,-2.328306956781032850e-11
1.906666666666666643e+01,-2.358807130651164416e-11
1.908333333333333215e+01,-2.388805358264327752e-11
1.910000000000000142e+01,-2.418410822807874344e-11
1.911666666666666714e+01,-2.447722184773377679e-11
1.913333333333333286e+01,-2.476807456000066258e-11
1.914999999999999858e+01,-2.505684861687334895e-11
1.916666666666666785e+01,-2.534323327882701524e-11
1.918333333333333357e+01,-2.562651523803711953e-11
1.919999999999999929e+01,-2.590574959124323635e-11
1.921666666666666501e+01,-2.618002140951677086e-11
1.923333333333333428e+01,-2.644864196217973630e-11
1.925000000000000000e+01,-2.671129476020232944e-11
1.926666666666666572e+01,-2.696808097661263353e-11
1.928333333333333144e+01,-2.721949438666366070e-11
1.930000000000000071e+01,-2.746625545833431474e-11
1.931666666666666643e+01,-2.770915546529709877e-11
1.933333333333333215e+01,-2.794879981276073083e-11
1.935000000000000142e+01,-2.818551745570132358e-11
1.936666666666666714e+01,-2.841929034295779419e-11
1.938333333333333286e+01,-2.864973316715185369e-11
1.939999999999999858e+01,-2.887624923429577517e-11
1.941666666666666785e+01,-2.909815116023179344e-11
1.943333333333333357e+01,-2.931485706983881311e-11
1.944999999999999929e+01,-2.952598626376124339e-11
1.946666666666666501e+01,-2.973146492842140181e-11
1.948333333333333428e+01,-2.993152125370210943e-11
1.950000000000000000e+01,-3.012659489684012399e-11
1.951666666666666572e+01,-3.031725155234683093e-11
1.953333333333333144e+01,-3.050401190394787828e-11
1.955000000000000071e+01,-3.068721575672604118e-11
1.956666666666666643e+01,-3.086699677031317668e-11
1.958333333333333215e+01,-3.104321699827399007e-11
1.960000000000000142e+01,-3.121551714153366610e-11
1.961666666666666714e+01,-3.138343720008592925e-11
1.963333333333333286e+01,-3.154651708774361912e-11
1.964999999999999858e+01,-3.170442240875785036e-11
1.966666666666666785e+01,-3.185696970235765129e-11
1.968333333333333357e+01,-3.200421705724201375e-11
1.969999999999999929e+01,-3.214640881248646730e-11
1.971666666666666501e+01,-3.228392534744492622e-11
1.973333333333333428e+01,-3.241713716665958527e-11
1.975000000000000000e+01,-3.254641999794556262e-11
1.976666666666666572e+01,-3.267196859463677515e-11
1.978333333333333144e+01,-3.279378664079482137e-11
1.980000000000000071e+01,-3.291170679105761121e-11
1.981666666666666643e+01,-3.302542586582231943e-11
1.983333333333333215e+01,-3.313461545992330436e-11
1.985000000000000142e+01,-3.323896726664712263e-11
1.986666666666666714e+01,-3.333828865562829576e-11
1.988333333333333286e+01,-3.343255303843499388e-11
1.989999999999999858e+01,-3.352187981226925703e-11
1.991666666666666785e+01,-3.360651427225310686e-11
1.993333333333333357e+01,-3.368674712298594201e-11
1.994999999999999929e+01,-3.376287426326563597e-11
1.996666666666666501e+01,-3.383509613974992448e-11
1.998333333333333428e+01,-3.390349256026552024e-11
2.000000000000000000e+01,-3.396799750328113875e-11
2.001666666666666572e+01,-3.402846947682279628e-11
2.003333333333333144e+01,-3.408468649064640424e-11
2.005000000000000071e+01,-3.413642651727649405e-11
2.006666666666666643e+01,-3.418351280208334203e-11
2.008333333333333215e+01,-3.422586920847361335e-11
2.010000000000000142e+01,-3.426352530635304682e-11
2.011666666666666714e+01,-3.429663147245786909e-11
2.013333333333333286e+01,-3.432539353062640036e-11
2.014999999999999858e+01,-3.435002246764310460e-11
2.016666666666666785e+01,-3.437073440275322282e-11
2.018333333333333357e+01,-3.438765499874470864e-11
2.019999999999999929e+01,-3.440079930411849813e-11
2.021666666666666501e+01,-3.441010693894353491e-11
2.023333333333333428e+01,-3.441543201403685639e-11
2.025000000000000000e+01,-3.441662359088538577e-11
2.026666666666666572e+01,-3.441355587537244360e-11
2.028333333333333144e+01,-3.440614332559079088e-11
2.030000000000000071e+01,-3.439437085534990519e-11
2.031666666666666643e+01,-3.437831397989813245e-11
2.033333333333333215e+01,-3.435809860204332916e-11
2.035000000000000142e+01,-3.433390604150769572e-11
2.036666666666666714e+01,-3.430591771963212490e-11
2.038333333333333286e+01,-3.427425979327861963e-11
2.039999999999999858e+01,-3.423900316010460977e-11
2.041666666666666785e+01,-3.420014832631165286e-11
2.043333333333333357e+01,-3.415763040085118537e-11
2.044999999999999929e+01,-3.411133923720522350e-11
2.046666666666666501e+01,-3.406116971462523479e-11
2.048333333333333428e+01,-3.400705193059332833e-11
2.050000000000000000e+01,-3.394896124943706107e-11
2.051666666666666572e+01,-3.388695357763256890e-11
2.053333333333333144e+01,-3.382109997163945450e-11
2.055000000000000071e+01,-3.375154196987325302e-11
2.056666666666666643e+01,-3.367842620801244273e-11
2.058333333333333215e+01,-3.360186921412905147e-11
2.060000000000000142e+01,-3.352195739561068562e-11
2.061666666666666714e+01,-3.343872185526875940e-11
2.063333333333333286e+01,-3.335214341339582453e-11
2.064999999999999858e+01,-3.326217774967884900e-11
2.066666666666666785e+01,-3.316875539357787221e-11
2.068333333333333357e+01,-3.307181695049080789e-11
2.069999999999999929e+01,-3.297134828523641246e-11
2.071666666666666501e+01,-3.286737555140856974e-11
2.073333333333333428e+01,-3.275995007545622526e-11
2.075000000000000000e+01,-3.264915341610259011e-11
2.076666666666666572e+01,-3.253511245640423192e-11
2.078333333333333144e+01,-3.241795412357054504e-11
2.080000000000000071e+01,-3.229776013311567535e-11
2.081666666666666643e+01,-3.217457701976158020e-11
2.083333333333333215e+01,-3.204842117042843038e-11
2.085000000000000142e+01,-3.191928382844262945e-11
2.086666666666666714e+01,-3.178713610879829242e-11
2.088333333333333286e+01,-3.165192902689096705e-11
2.089999999999999858e+01,-3.151363874258583627e-11
2.091666666666666785e+01,-3.137228669748893403e-11
2.093333333333333357e+01,-3.122789940154028210e-11
2.094999999999999929e+01,-3.108054865824433721e-11
2.096666666666666501e+01,-3.093034152270879950e-11
2.098333333333333428e+01,-3.077736495932469240e-11
2.100000000000000000e+01,-3.062172107147522096e-11
2.101666666666666572e+01,-3.046348181263052207e-11
2.103333333333333144e+01,-3.030269902958506007e-11
2.105000000000000071e+01,-3.013935920986683377e-11
2.106666666666666643e+01,-2.997345385939591497e-11
2.108333333333333215e+01,-2.980494934702276268e-11
2.110000000000000142e+01,-2.963383718900308983e-11
2.111666666666666714e+01,-2.946013909225123739e-11
2.113333333333333286e+01,-2.928387677381668014e-11
2.114999999999999858e+01,-2.910510718655399473e-11
2.116666666666666785e+01,-2.892390239082005876e-11
2.118333333333333357e+01,-2.874033951120169077e-11
2.119999999999999929e+01,-2.855450073131673604e-11
2.121666666666666501e+01,-2.836647831751992523e-11
2.123333333333333428e+01,-2.817631928403342180e-11
2.125000000000000000e+01,-2.798405053779001647e-11
2.126666666666666572e+01,-2.778969899598469330e-11
2.128333333333333144e+01,-2.759324127588577109e-11
2.130000000000000071e+01,-2.739466405707175551e-11
2.131666666666666643e+01,-2.719397414516596969e-11
2.133333333333333215e+01,-2.699120852576313956e-11
2.135000000000000142e+01,-2.678639916739611170e-11
2.136666666666666714e+01,-2.657960319954117385e-11
2.138333333333333286e+01,-2.637085765848054729e-11
2.139999999999999858e+01,-2.616025493019105367e-11
2.141666666666666785e+01,-2.594787734934410957e-11
2.143333333333333357e+01,-2.573380223848501312e-11
2.144999999999999929e+01,-2.551807172460433334e-11
2.146666666666666501e+01,-2.530072290626798019e-11
2.148333333333333428e+01,-2.508176773540952594e-11
2.150000000000000000e+01,-2.486120810651610695e-11
2.151666666666666572e+01,-2.463904088438741882e-11
2.153333333333333144e+01,-2.441526796431866610e-11
2.155000000000000071e+01,-2.418992142038292500e-11
2.156666666666666643e+01,-2.396303836943761500e-11
2.158333333333333215e+01,-2.373466096880267714e-11
2.160000000000000142e+01,-2.350487162183888720e-11
2.161666666666666714e+01,-2.327373262507696933e-11
2.163333333333333286e+01,-2.304133646909970658e-11
2.164999999999999858e+01,-2.280773540855452547e-11
2.166666666666666785e+01,-2.257295152391925574e-11
2.168333333333333357e+01,-2.233701695502510519e-11
2.169999999999999929e+01,-2.209995377865676830e-11
2.171666666666666501e+01,-2.186176898090043145e-11
2.173333333333333428e+01,-2.162246954474449929e-11
2.175000000000000000e+01,-2.138206245567980788e-11
2.176666666666666572e+01,-2.114058487654938680e-11
2.178333333333333144e+01,-2.089808906517227657e-11
2.180000000000000071e+01,-2.065462728500904460e-11
2.181666666666666643e+01,-2.041025180382030501e-11
2.183333333333333215e+01,-2.016504507439835533e-11
2.185000000000000142e+01,-1.991906440483330382e-11
2.186666666666666714e+01,-1.967235201233406328e-11
2.188333333333333286e+01,-1.942495011430483217e-11
2.189999999999999858e+01,-1.917686068572048361e-11
2.191666666666666785e+01,-1.892807563725906806e-11
2.193333333333333357e+01,-1.867861705445707385e-11
2.194999999999999929e+01,-1.842851707637013002e-11
2.196666666666666501e+01,-1.817779275122155776e-11
2.198333333333333428e+01,-1.792649130396134557e-11
2.200000000000000000e+01,-1.767465996079266056e-11
2.201666666666666572e+01,-1.742237109792953627e-11
2.203333333333333144e+01,-1.716968703131021194e-11
2.205000000000000071e+01,-1.691664492962430406e-11
2.206666666666666643e+01,-1.666329201936466419e-11
2.208333333333333215e+01,-1.640966546336852843e-11
2.210000000000000142e+01,-1.615577727033132001e-11
2.211666666666666714e+01,-1.590163441335512632e-11
2.213333333333333286e+01,-1.564723379827880995e-11
2.214999999999999858e+01,-1.539262262183086973e-11
2.216666666666666785e+01,-1.513781789645291969e-11
2.218333333333333357e+01,-1.488288189705352851e-11
2.219999999999999929e+01,-1.462783665660265469e-11
2.221666666666666501e+01,-1.437273941354655843e-11
2.223333333333333428e+01,-1.411764237385435866e-11
2.225000000000000000e+01,-1.386257762117438047e-11
2.226666666666666572e+01,-1.360758729450701368e-11
2.228333333333333144e+01,-1.335270346787389903e-11
2.230000000000000071e+01,-1.309793305979217969e-11
2.231666666666666643e+01,-1.284331315920660173e-11
2.233333333333333215e+01,-1.258886072744781096e-11
2.235000000000000142e+01,-1.233459271701351808e-11
2.236666666666666714e+01,-1.208053110185887017e-11
2.238333333333333286e+01,-1.182672802604153843e-11
2.239999999999999858e+01,-1.157321047811661096e-11
2.241666666666666785e+01,-1.132004064930026848e-11
2.243333333333333357e+01,-1.106723042625992868e-11
2.244999999999999929e+01,-1.081482689934407051e-11
2.246666666666666501e+01,-1.056285200274526252e-11
2.248333333333333428e+01,-1.031134275244925184e-11
2.250000000000000000e+01,-1.006033112811802829e-11
2.251666666666666572e+01,-9.809823949158547044e-12
2.253333333333333144e+01,-9.559843115834053206e-12
2.255000000000000071e+01,-9.310390398123573600e-12
2.256666666666666643e+01,-9.061502765416362666e-12
2.258333333333333215e+01,-8.813232265240359799e-12
2.260000000000000142e+01,-8.565605787790599982e-12
2.261666666666666714e+01,-8.318670332648086822e-12
2.263333333333333286e+01,-8.072447743487305239e-12
2.264999999999999858e+01,-7.826964884909785691e-12
2.266666666666666785e+01,-7.582243583398222442e-12
2.268333333333333357e+01,-7.338310686756345296e-12
2.269999999999999929e+01,-7.095177944108534620e-12
2.271666666666666501e+01,-6.852857093845293874e-12
2.273333333333333428e+01,-6.611385012882791270e-12
2.275000000000000000e+01,-6.370773416968105618e-12
2.276666666666666572e+01,-6.131049100699813072e-12
2.278333333333333144e+01,-5.892263996102968022e-12
2.280000000000000071e+01,-5.654439846882001045e-12
2.281666666666666643e+01,-5.417603413710911445e-12
2.283333333333333215e+01,-5.181781448309543517e-12
2.285000000000000142e+01,-4.946995663724575611e-12
2.286666666666666714e+01,-4.713272789089342085e-12
2.288333333333333286e+01,-4.480624459558751827e-12
2.289999999999999858e+01,-4.249057266215822646e-12
2.291666666666666785e+01,-4.018587850812974872e-12
2.293333333333333357e+01,-3.789237870614504985e-12
2.294999999999999929e+01,-3.561023944636471208e-12
2.296666666666666501e+01,-3.333972738274794942e-12
2.298333333333333428e+01,-3.108115931734795453e-12
2.300000000000000000e+01,-2.883480166770289863e-12
2.301666666666666572e+01,-2.660076984028965153e-12
2.303333333333333144e+01,-2.437948089719345206e-12
2.305000000000000071e+01,-2.217120089761169894e-12
2.306666666666666643e+01,-1.997604491411846225e-12
2.308333333333333215e+01,-1.779427880056693022e-12
2.310000000000000142e+01,-1.562581619783379127e-12
2.311666666666666714e+01,-1.347072154176736890e-12
2.313333333333333286e+01,-1.132921003641318683e-12
2.314999999999999858e+01,-9.201295561982422271e-13
2.316666666666666785e+01,-7.087293669338322601e-13
2.318333333333333357e+01,-4.987368875746932117e-13
2.319999999999999929e+01,-2.901886779188316368e-13
2.321666666666666501e+01,-8.310116617989287472e-14
2.323333333333333428e+01,1.225092314789099263e-13
2.325000000000000000e+01,3.266311400261607626e-13
2.326666666666666572e+01,5.292330776627344944e-13
2.328333333333333144e+01,7.302986638740282449e-13
2.330000000000000071e+01,9.298417082605391986e-13
2.331666666666666643e+01,1.127840823873849172e-12
2.333333333333333215e+01,1.324299783221713022e-12
2.335000000000000142e+01,1.519197225735371484e-12
2.336666666666666714e+01,1.712516827294051984e-12
2.338333333333333286e+01,1.904247313399932271e-12
2.339999999999999858e+01,2.094372388867261148e-12
2.341666666666666785e+01,2.282870742244585580e-12
2.343333333333333357e+01,2.469731133443839965e-12
2.344999999999999929e+01,2.654932273721394028e-12
2.346666666666666501e+01,2.838467979282767368e-12
2.348333333333333428e+01,3.020316986799689906e-12
2.350000000000000000e+01,3.200468102455961547e-12
2.351666666666666572e+01,3.378930263820739021e-12
2.353333333333333144e+01,3.555687274873285675e-12
2.355000000000000071e+01,3.730733008502290949e-12
2.356666666666666643e+01,3.904066382655381956e-12
2.358333333333333215e+01,4.075691357072191830e-12
2.360000000000000142e+01,4.245586755430532839e-12
2.361666666666666714e+01,4.413711293542008829e-12
2.363333333333333286e+01,4.580068963662819747e-12
2.364999999999999858e+01,4.744673835064469287e-12
2.366666666666666785e+01,4.907504781526214887e-12
2.368333333333333357e+01,5.068550743814476135e-12
2.369999999999999929e+01,5.227820797427437488e-12
2.371666666666666501e+01,5.385293850454891346e-12
2.373333333333333428e+01,5.540943795214493371e-12
2.375000000000000000e+01,5.694764648521133663e-12
2.376666666666666572e+01,5.846750446270056179e-12
2.378333333333333144e+01,5.996920382684642461e-12
2.380000000000000071e+01,6.145268514078798272e-12
2.381666666666666643e+01,6.291814059041527919e-12
2.383333333333333215e+01,6.436556128843340402e-12
2.385000000000000142e+01,6.579443548473489992e-12
2.386666666666666714e+01,6.720475452977546732e-12
2.388333333333333286e+01,6.859650991113449974e-12
2.389999999999999858e+01,6.996949197349175257e-12
2.391666666666666785e+01,7.132384334321832366e-12
2.393333333333333357e+01,7.265965642509671446e-12
2.394999999999999929e+01,7.397672195154969275e-12
2.396666666666666501e+01,7.527518286707822334e-12
2.398333333333333428e+01,7.655493074664070448e-12
2.400000000000000000e+01,7.781590757419944384e-12
2.401666666666666572e+01,7.905805545019172807e-12
2.403333333333333144e+01,8.028146748754909020e-12
2.405000000000000071e+01,8.148608601726591248e-12
2.406666666666666643e+01,8.267195406344957474e-12
2.408333333333333215e+01,8.383916504999130740e-12
2.410000000000000142e+01,8.498756108108679281e-12
2.411666666666666714e+01,8.611718553562035158e-12
2.413333333333333286e+01,8.722783043157329995e-12
2.414999999999999858e+01,8.831963993297038588e-12
2.416666666666666785e+01,8.939265772467826187e-12
2.418333333333333357e+01,9.044707852332006839e-12
2.419999999999999929e+01,9.148264448543897349e-12
2.421666666666666501e+01,9.249934934374947562e-12
2.423333333333333428e+01,9.349723724236827333e-12
2.425000000000000000e+01,9.447625183440690158e-12
2.426666666666666572e+01,9.543653808887888675e-12
2.428333333333333144e+01,9.637814047182131717e-12
2.430000000000000071e+01,9.730115383223368702e-12
2.431666666666666643e+01,9.820547194927195938e-12
2.433333333333333215e+01,9.909108930998464756e-12
2.435000000000000142e+01,9.995800048527592566e-12
2.436666666666666714e+01,1.008063510793541559e-11
2.438333333333333286e+01,1.016361358783788813e-11
2.439999999999999858e+01,1.024475006770483203e-11
2.441666666666666785e+01,1.032405410509273996e-11
2.443333333333333357e+01,1.040151012195716063e-11
2.444999999999999929e+01,1.047712769703146860e-11
2.446666666666666501e+01,1.055091138695128998e-11
2.448333333333333428e+01,1.062286073230176626e-11
2.450000000000000000e+01,1.069298534475299163e-11
2.451666666666666572e+01,1.076127975178753470e-11
2.453333333333333144e+01,1.082774352441580216e-11
2.455000000000000071e+01,1.089238126963821164e-11
2.456666666666666643e+01,1.095521772284303905e-11
2.458333333333333215e+01,1.101626254245193532e-11
2.460000000000000142e+01,1.107552539443306876e-11
2.461666666666666714e+01,1.113301595274262621e-11
2.463333333333333286e+01,1.118874390064986273e-11
2.464999999999999858e+01,1.124269881582335792e-11
2.466666666666666785e+01,1.129487530892955905e-11
2.468333333333333357e+01,1.134529315369001739e-11
2.469999999999999929e+01,1.139396207151637655e-11
2.471666666666666501e+01,1.144088173145104973e-11
2.473333333333333428e+01,1.148605684148142004e-11
2.475000000000000000e+01,1.152950217948473957e-11
2.476666666666666572e+01,1.157122750265067395e-11
2.478333333333333144e+01,1.161123251596440147e-11
2.480000000000000071e+01,1.164953705095109854e-11
2.481666666666666643e+01,1.168615088730230903e-11
2.483333333333333215e+01,1.172108381567328713e-11
2.485000000000000142e+01,1.175433054458971249e-11
2.486666666666666714e+01,1.178590591348778479e-11
2.488333333333333286e+01,1.181580967447983560e-11
2.489999999999999858e+01,1.184406673889262174e-11
2.491666666666666785e+01,1.187069196986719214e-11
2.493333333333333357e+01,1.189569520374174700e-11
2.494999999999999929e+01,1.191907622767517640e-11
2.496666666666666501e+01,1.194084489799575697e-11
2.498333333333333428e+01,1.196100604130774771e-11
